C101

VEHICLE
NUMBER     CAPACITY
  25         200

CUSTOMER
CUST NO.  XCOORD.   YCOORD.    DEMAND   READY TIME  DUE DATE   SERVICE   TIME
 
    0      40         50          0          0       1236          0   
    1      45         68         10        912        967         90   
    2      45         70         30        825        870         90   
    3      42         66         10         65        146         90   
    4      42         68         10        727        782         90   
    5      42         65         10         15         67         90   
    6      40         69         20        621        702         90   
    7      40         66         20        170        225         90   
    8      38         68         20        255        324         90   
    9      38         70         10        534        605         90   
   10      35         66         10        357        410         90   
   11      35         69         10        448        505         90   
   12      25         85         20        652        721         90   
   13      22         75         30         30         92         90   
   14      22         85         10        567        620         90   
   15      20         80         40        384        429         90   
   16      20         85         40        475        528         90   
   17      18         75         20         99        148         90   
   18      15         75         20        179        254         90   
   19      15         80         10        278        345         90   
   20      30         50         10         10         73         90   
   21      30         52         20        914        965         90   
   22      28         52         20        812        883         90   
   23      28         55         10        732        777         90   
   24      25         50         10         65        144         90   
   25      25         52         40        169        224         90   
   26      25         55         10        622        701         90   
   27      23         52         10        261        316         90   
   28      23         55         20        546        593         90   
   29      20         50         10        358        405         90   
   30      20         55         10        449        504         90   
   31      10         35         20        200        237         90   
   32      10         40         30         31        100         90   
   33       8         40         40         87        158         90   
   34       8         45         20        751        816         90   
   35       5         35         10        283        344         90   
   36       5         45         10        665        716         90   
   37       2         40         20        383        434         90   
   38       0         40         30        479        522         90   
   39       0         45         20        567        624         90   
   40      35         30         10        264        321         90   
   41      35         32         10        166        235         90   
   42      33         32         20         68        149         90   
   43      33         35         10         16         80         90   
   44      32         30         10        359        412         90   
   45      30         30         10        541        600         90   
   46      30         32         30        448        509         90   
   47      30         35         10       1054       1127         90   
   48      28         30         10        632        693         90   
   49      28         35         10       1001       1066         90   
   50      26         32         10        815        880         90   
   51      25         30         10        725        786         90   
   52      25         35         10        912        969         90   
   53      44          5         20        286        347         90   
   54      42         10         40        186        257         90   
   55      42         15         10         95        158         90   
   56      40          5         30        385        436         90   
   57      40         15         40         35         87         90   
   58      38          5         30        471        534         90   
   59      38         15         10        651        740         90   
   60      35          5         20        562        629         90   
   61      50         30         10        531        610         90   
   62      50         35         20        262        317         90   
   63      50         40         50        171        218         90   
   64      48         30         10        632        693         90   
   65      48         40         10         76        129         90   
   66      47         35         10        826        875         90   
   67      47         40         10         12         77         90   
   68      45         30         10        734        777         90   
   69      45         35         10        916        969         90   
   70      95         30         30        387        456         90   
   71      95         35         20        293        360         90   
   72      53         30         10        450        505         90   
   73      92         30         10        478        551         90   
   74      53         35         50        353        412         90   
   75      45         65         20        997       1068         90   
   76      90         35         10        203        260         90   
   77      88         30         10        574        643         90   
   78      88         35         20        109        170         90   
   79      87         30         10        668        731         90   
   80      85         25         10        769        820         90   
   81      85         35         30         47        124         90   
   82      75         55         20        369        420         90   
   83      72         55         10        265        338         90   
   84      70         58         20        458        523         90   
   85      68         60         30        555        612         90   
   86      66         55         10        173        238         90   
   87      65         55         20         85        144         90   
   88      65         60         30        645        708         90   
   89      63         58         10        737        802         90   
   90      60         55         10         20         84         90   
   91      60         60         10        836        889         90   
   92      67         85         20        368        441         90   
   93      65         85         40        475        518         90   
   94      65         82         10        285        336         90   
   95      62         80         30        196        239         90   
   96      60         80         10         95        156         90   
   97      60         85         30        561        622         90   
   98      58         75         20         30         84         90   
   99      55         80         10        743        820         90   
  100      55         85         20        647        726         90   
  101     102        128         20        281        328         90
  102      18         89         10         82        136         90
  103     197         77         20        709        766         90
  104     156         11         20       1190       1240         90
  105     144         33         30         80        129         90
  106     101         67         20        641        702         90
  107     159        121         20        786        843         90
  108      84        192         10        342        393         90
  109     139          7         20        242        323         90
  110       7        152         10        715        779         90
  111     181        147         20        445        493         90
  112     104        170         20        140        182         90
  113      13         81         30        610        676         90
  114     172         57         10         83        140         90
  115      80        108         20         86        140         90
  116     180        171         20        452        498         90
  117     146          3         10        439        500         90
  118     123         33         20        586        660         90
  119     127          8         20        904        958         90
  120     185        115         20        618        675         90
  121     192        113         20        248        299         90
  122     194         75         10        892        952         90
  123     135          0         10        988       1060         90
  124     157         30         10        709        761         90
  125      53         29         30        513        593         90
  126      85        110         10         18         73         90
  127     182        171         30        548        587         90
  128      79        193         30        892        956         90
  129     181         52         10        603        674         90
  130     148        103         30        835        908         90
  131     190        109         10        892        955         90
  132     119        188         20        807        875         90
  133     197        140         10        250        326         90
  134     162        123         40        693        749         90
  135     102        170         40        216        290         90
  136     120        198         10        427        501         90
  137     175         50         20        896        951         90
  138      23        142         10        522        573         90
  139     149         99         20        112        167         90
  140     102        174         20        310        383         90
  141      30        142         10        146        202         90
  142     175        143         20        988       1047         90
  143     193         27         10        449        512         90
  144     193         82         10        148        223         90
  145     103         67         20        463        515         90
  146      55         64         30        398        463         90
  147     197         25         10        732        788         90
  148      42        105         20        494        552         90
  149     100        129         30        180        245         90
  150     120        115         20         80        151         90
  151     183        120         10        152        202         90
  152     115         89         20        554        591         90
  153     196         27         10        822        882         90
  154     131         38         20        124        194         90
  155     145         31         20        143        201         90
  156     196        137         20        166        223         90
  157      98        150         10        295        350         90
  158     159          8         10       1095       1146         90
  159      15         88         10        335        394         90
  160     191         27         10        174        239         90
  161     196        111         30        522        589         90
  162     150          6         20        623        686         90
  163      95         74         20        928        983         90
  164      42        101         10        682        732         90
  165      53         59         20        221        270         90
  166     193         23         20       1008       1067         90
  167      40        105         10        396        465         90
  168     152          4         20        813        865         90
  169     100        151         10        476        536         90
  170      24        140         20        609        670         90
  171      87        195         10        525        581         90
  172     140          6         30        347        401         90
  173     197        113         20        435        491         90
  174      40        183         20        168        216         90
  175     127        114         20        638        710         90
  176     182         46         10        799        851         90
  177     151        190         40        523        593         90
  178       8         69         20        808        872         90
  179      44         52         20        316        389         90
  180      43         54         10        236        285         90
  181     179        174         10        165        233         90
  182      13        152         20        157        225         90
  183     137          1         10        913        952         90
  184     127        118         20        555        604         90
  185     118         92         30        365        412         90
  186     129         40         20         66        154         90
  187     123          4         10        717        774         90
  188      55         24         10        442        475         90
  189      41        182         30        101        166         90
  190      22        133         10        796        858         90
  191     151        101         20        472        538         90
  192      82        194         10        798        865         90
  193     185        124         10        332        392         90
  194     180        147         10        533        587         90
  195      97          7         20        340        400         90
  196     108        165         10        603        665         90
  197      47         50         10        891        928         90
  198      93        167         40        135        181         90
  199     186         91         10        242        303         90
  200     600        600         20        803        872         90
  200     601        601         20        803        872         90